8 0 7  1,5,3447 2,4,985 0,1,4989 3,4,4635 2,5,2088 3,6,4127 3,0,2269 1,4,977 7,1,1111 3,7,2762 2,1,2251 7,6,4697 0,4,4515 1,6,953 7,2,4291 0,5,3470 5,4,2478 3,2,1376 6,5,818
17 0 16  13,11,1816 13,3,4242 5,10,2100 8,9,4318 11,2,1445 7,2,1707 9,12,1014 4,10,1877 8,10,4262 4,6,849 8,15,892 7,9,4891 10,16,4236 0,8,2826 5,12,3061 14,15,2642 10,7,4463 10,3,4209 9,15,851 2,8,1859 2,3,4138 1,4,446 7,8,95 4,8,2520 4,16,4323 6,1,996 2,15,4033 14,9,2664 2,14,469 5,4,3616 11,3,3667 15,10,2060 11,12,4522 13,8,841 5,6,796 12,3,2368 6,14,3379 8,1,2419 4,12,4271 13,2,4802 8,14,1656 8,6,239 13,1,992 15,7,4309 11,16,2536 6,2,2349 10,6,1434 3,8,2064 13,9,4504 12,1,3329 5,11,2190 5,2,2963 3,16,2742 14,16,1635 10,9,3719 6,16,3942 13,6,1162 7,11,2291 7,14,3055 6,3,2472 16,2,1072 5,13,4930 15,1,4841 12,6,4377 16,9,3678 11,4,1306 13,16,3450 12,16,3252 1,3,259 1,14,4835 16,0,1877 2,0,112 10,12,864 11,10,4115 10,0,2662 6,15,3091 7,13,320 5,8,2985 11,6,-2049 0,6,3437 15,3,1571 14,0,3512 14,3,868 0,13,405 10,1,3192
6 0 5  1,0,1324 2,3,4604 5,2,2235 4,1,2719 0,4,2906 0,3,2677 4,3,782 1,2,3088 5,4,766 5,0,4609 3,5,1841
15 0 14  6,14,2041 2,3,4040 12,14,782 2,11,4099 12,6,3199 5,12,1922 13,4,1808 5,10,1813 4,7,1898 10,1,1615 13,11,4025 13,10,3889 7,11,1350 2,0,-1544 2,9,2256 0,11,1226 6,0,4069 14,5,2887 0,14,579 9,3,480 13,2,389 10,11,2271 12,4,3814 11,12,840 11,6,4448 10,0,758 8,12,4058 11,1,660 14,13,2276 7,10,1653 0,13,4547 13,1,1919 1,7,577 0,8,2977 4,1,2030 5,4,2929 14,4,2970 11,14,841 7,2,3116 7,0,4932 2,5,1788 13,7,1389 2,8,321 12,9,2876 3,7,4237 3,1,4727 2,10,332 3,0,807 14,1,1284 11,3,983
13 0 12  8,11,1706 4,2,4000 10,12,1930 4,6,1303 10,0,3107 3,6,4134 0,11,2720 0,12,4326 12,3,4414 5,11,3809 7,6,1140 2,10,629 9,2,3380 3,11,3656 12,1,2458 3,8,1551 7,10,593 1,0,3191 8,1,2499 8,7,2432
17 0 16  10,11,3278 8,14,1190 7,16,712 14,10,4912 9,10,2875 8,12,2473 16,3,3278 2,3,418 8,0,4769 16,14,962 6,3,569 15,13,1629 10,2,4642 2,6,2206 14,6,-974 6,5,110 2,1,2476 8,13,889 5,0,714 7,4,2051 2,16,1266 14,3,2561 11,13,3250 6,8,1887 15,4,1545 7,2,3117 13,6,2916 1,15,503 16,0,874 11,1,2304 4,1,2446 15,12,1136 2,4,4164 1,8,3654 12,1,2804 5,14,2859 7,8,3269 12,5,1070 4,5,-2038 0,6,290 7,5,3542 8,3,4589 12,14,4909 13,5,1279 6,16,4761 11,15,2034 0,3,1963 12,13,3589 14,13,-4258 10,5,2964 6,10,302 0,12,640 15,16,4820 11,8,-1232 10,3,4861 9,0,4037 1,5,4095 13,4,3734 7,11,1114 2,13,1441 1,14,112 16,4,763 13,7,3924 11,9,4953 7,15,3127 6,7,4321 0,15,2183 2,14,4433 7,12,2553 7,14,1094 5,15,2772
4 0 3  0,2,2480 1,3,4411 1,0,1312 0,3,3122 2,3,4563
15 0 14  13,8,24 10,14,3540 3,13,3319 3,10,2227 14,7,584 1,12,4243 8,10,306 11,2,3804 6,4,1513 10,7,1625 12,0,1324 6,8,1147 6,10,1877 14,4,3650 5,0,4938 6,2,2191 14,5,1219 4,11,2637 5,6,126 7,2,2321 5,7,1409 6,11,4982 5,1,3096 4,2,3942 2,9,1828 5,10,2345 3,6,4950 5,11,583 13,0,3805 8,3,1825 4,8,1878 13,9,1521 11,14,1670 12,4,659 8,12,2564 1,0,344 12,9,2632 14,1,2447 9,0,1468 10,13,2407 9,8,3620 11,8,3612 14,0,1510 9,7,4804 10,12,3660 2,8,3537 7,8,1486 12,11,2885 1,9,898 11,10,1219 2,1,1664 6,0,4829 12,13,2441 7,12,2656 1,8,4567 10,9,3822 10,1,1962 2,0,1971 9,6,2945 14,9,1520 13,6,2047 0,7,3031 5,9,779 7,13,110 4,3,2389 11,0,1004 0,4,1285 1,3,519 13,11,4675 3,5,2908 12,5,2523 11,9,2435 12,3,4809 11,1,4777 6,1,1601 9,3,320 13,2,115 3,14,88 4,5,737 2,12,2322 6,7,3370 0,8,342 13,14,4263 0,3,4595
14 0 13  2,4,2121 8,3,1787 11,0,3252 12,1,2185 0,3,4491 11,8,4634 5,9,524 8,2,2431 10,12,4121 11,13,2594 9,1,1846 5,3,1161 10,4,134 0,12,682 7,9,2869 12,11,2952 11,10,4096 0,13,3825 6,7,989 7,2,4672 13,9,2938 10,8,2947 5,7,1011 7,8,2502 4,12,1756 3,7,1726 8,1,3028 4,0,2365 10,5,4523 8,0,3417
13 0 12  5,2,1153 2,7,2274 7,5,4141 0,4,1188 1,0,2607 5,1,3606 5,4,677 10,0,1961 11,3,3830 10,9,148 8,9,-4779 1,10,1526 11,4,3843 10,7,4820 11,10,4240 3,9,1562 1,2,2420 11,1,3727 11,7,59 11,9,-1933 3,6,264 7,8,992 1,8,3799 6,9,4252 3,10,986 0,9,48 7,3,334 8,4,692 10,5,61 6,12,3494 9,12,3019 1,4,440 0,3,4376 0,2,3554 10,12,580 8,10,1492 7,0,1707 2,9,1213 5,8,3983 11,6,2300 11,0,1840 6,1,4566 6,4,820 12,1,-451 6,7,1091 7,9,12 12,4,2126 2,10,1602 8,12,3702
